12006136.480091
2830411.630034
20532015.879456
1606416.405437
478542.771169
5704447.936092
688840.280858
482297.696265
1907899.197558
113323.174312
4191874.818052
496468.004092
4190254.424392
1847816.120301
146352.416427
1168132.695154
1589929.587014
3150594.451288
407841.530150
123104.155591
2118139.942534
118191.474634
1183621.453740
4787986.008352
578770.541366
9576947.717048
409578.669520
1099302.040763
1744445.350341
1470578.288270
495060.690574
3469252.699765
5676355.787456
24968129.651503
465094.970097
14631255.607056
777478.602860
1288811.314476
454248.470479
10175977.879702
2684979.624564
7236560.247429
460053.530156
203687.942973
3453328.361794
10849535.564748
6563991.613537
344473.879979
995169.026337
1477776.458475
1527906.843158
227892.808123
4057196.856301
218495.476977
2127744.809499
352363.352092
5847293.956226
4574810.187747
2960107.006682
696536.852424
10985254.798493
4080303.816773
3985813.671622
318791.958893
345724.382448
2808253.006468
382902.284724
13829554.688021
656987.444906
905202.417445
267528.114458
252516.047160
344845.585606
1606923.457553
799711.704192
1960364.984945
854399.140593
10705310.138177
1947727.287456
3754159.349645
2219798.090331
7460394.512330
4392674.766013
8100284.727924
3009953.482884
310098.429901
432416.817487
932010.656267
443385.050259
1482518.700869
878845.105752
2237494.003991
2913647.457849
215738.425118
296879.568996
196967.152680
4728206.800498
1979714.078277
1152606.540115
543372.950631
1659677.869061
315506.523777
347141.426507
5756299.468611
6790651.271217
1080223.807270
2615068.086294
2730378.868814
260108.772474
645780.735763
6699267.416564
338843.832200
8309805.021395
3907747.597174
1555735.625760
760602.987405
532398.233324
2419792.850864
3747632.460660
1438879.349460
8534064.773543
1468030.817803
3825290.708664
169962.550218
723702.059353
3115715.312385
261667.701617
7606539.080224
1573834.469241
1604186.557743
757934.110871
9451533.405090
11603927.748874
181657.063219
152992.223692
723083.283599
11080758.879225
140556.046217
208400.755140
475630.006426
4300510.272825
2673862.687125
265263.023815
363390.254411
5173748.185406
133703.373133
241256.361947
3474305.909223
190504.282068
156305.209852
370156.240053
134264.323717
240026.544213
1259735.852901
8208723.983323
741696.905473
9062501.068454
5473290.885526
3092518.147970
10360368.733419
1974433.058682
14611667.776328
5369218.336096
557352.553098
1031318.209247
18357712.672089
65957.946887
2303125.879604
1118774.785792
4045098.681357
1157065.637194
1377267.855028
3982173.604142
1278372.031554
5428745.549419
5490531.750046
15068876.437508
415849.919930
550998.846655
2270383.079588
2108757.671367
190196.987177
3337112.675038
1027560.513195
8822639.430542
370348.775165
33140496.603604
537138.401315
27701498.452671
1133194.084139
2084498.914865
3286758.846008
382832.665602
1150632.860004
697145.513073
510626.410695
9408082.279050
305477.567198
4350085.792472
313883.360437
613262.148150
20715672.064683
4362173.674018
73663.957405
15669877.327005
442797.828054
19689132.597846
5697156.177672
1225607.346978
15587304.964215
1820775.798748
1797436.394174
1043924.397038
472132.990990
178712.550239
815281.403029
15194138.299589
3139811.347750
195834.882374
1226414.083611
8752654.455496
8848032.831011
568263.794550
334734.021082
9110444.771192
180563.565944
4498401.202304
271982.492070
2253297.121208
1806493.423307
111624.372825
132239.894958
2599956.169559
6821611.542655
5021902.953358
16363357.306983
360339.541052
1367904.544124
257917.809937
562359.030900
317258.630582
958250.132270
2181183.576902
654747.493081
13313916.557167
5726335.108264
11603409.269790
142575.134620
401419.973545
3277756.113928
